ans =

     3     0


ans =

     6     0


ans =

     9     0


ans =

    12     0


ans =

    15     0


ans =

    18     0


ans =

    21     0


ans =

    24     0


ans =

    27     0


ans =

    30     0


ans =

    33     0


ans =

    36     0


ans =

    39     0


ans =

    42     0


ans =

    45     0


ans =

    48     0


ans =

    51     0


ans =

    54     0


ans =

    57     0


ans =

    60     0


ans =

    63     0


ans =

    66     0


ans =

    69     0


ans =

    72     0


ans =

    75     0


ans =

    78     0


ans =

    81     0


ans =

    84     0


ans =

    87     0


ans =

    90     0


ans =

    93     0


ans =

    96     0


ans =

    99     0


ans =

   102     0


ans =

   105     0


ans =

   108     0


ans =

   111     0


ans =

   114     0


ans =

   117     0


ans =

   120     0


ans =

   123     0


ans =

   126     0


ans =

   129     0


ans =

   132     0


ans =

   135     0


ans =

   138     0


ans =

   141     0


ans =

   144     0


ans =

   147     0


ans =

   150     0


ans =

   153     0


ans =

   156     0


ans =

   159     0


ans =

   162     0


ans =

   165     0


ans =

   168     0


ans =

   171     0


ans =

   174     0


ans =

   177     0


ans =

   180     0


ans =

   183     0


ans =

   186     0


ans =

   189     0


ans =

   192     0


ans =

   195     0


ans =

   198     0


ans =

   201     0


ans =

   204     0


ans =

   207     0


ans =

   210     0


ans =

   213     0


ans =

   216     0


ans =

   219     0


ans =

   222     0


ans =

   225     0


ans =

   228     0


ans =

   231     0


ans =

   234     0


ans =

   237     0


ans =

   240     0


ans =

   243     0


ans =

   246     0


ans =

   249     0


ans =

   252     0


ans =

   255     0


ans =

   258     0


ans =

   261     0


ans =

   264     0


ans =

   267     0


ans =

   270     0


ans =

   273     0


ans =

   276     0


ans =

   279     0


ans =

   282     0


ans =

   285     0


ans =

   288     0


ans =

   291     0


ans =

   294     0


ans =

   307    28


ans =

   310    28


ans =

   313    28


ans =

   316    28


ans =

   319    28


ans =

   322    28


ans =

   325    28


ans =

   328    28


ans =

   331    28


ans =

   334    28


ans =

   337    28


ans =

   340    28


ans =

   343    28


ans =

   346    28


ans =

   349    28


ans =

   352    28


ans =

   355    28


ans =

   358    28


ans =

   361    28


ans =

   364    28


ans =

   367    28


ans =

   370    28


ans =

   373    28


ans =

   376    28


ans =

   379    28


ans =

   382    28


ans =

   385    28


ans =

   388    28


ans =

   391    28


ans =

   394    28


ans =

   397    28


ans =

   400    28


ans =

   403    28


ans =

   406    28


ans =

   409    28


ans =

   412    28


ans =

   415    28


ans =

   418    28


ans =

   421    28


ans =

   424    28


ans =

   427    28


ans =

   430    28


ans =

   433    28


ans =

   436    28


ans =

   439    28


ans =

   442    28


ans =

   445    28


ans =

   448    28


ans =

   451    28


ans =

   454    28


ans =

   457    28


ans =

   460    28


ans =

   463    28


ans =

   466    28


ans =

   469    28


ans =

   472    28


ans =

   475    28


ans =

   478    28


ans =

   481    28


ans =

   484    28


ans =

   487    28


ans =

   490    28


ans =

   493    28


ans =

   496    28


ans =

   499    28


ans =

   502    28


ans =

   505    28


ans =

   508    28


ans =

   511    28


ans =

   514    28


ans =

   517    28


ans =

   520    28


ans =

   523    28


ans =

   526    28


ans =

   529    28


ans =

   532    28


ans =

   535    28


ans =

   538    28


ans =

   541    28


ans =

   544    28


ans =

   547    28


ans =

   550    28


ans =

   553    28


ans =

   556    28


ans =

   559    28


ans =

   562    28


ans =

   565    28


ans =

   568    28


ans =

   571    28


ans =

   574    28


ans =

   577    28


ans =

   580    28


ans =

   583    28


ans =

   586    28